Time	4crsol	ala	asp	cobalt	cu2	glu	gly	h2o2	his	ile	lac	leu	lys	met	mnl	mobd	nh4	ni2	phe	pro	pyr	ser	succ	thr	tyr	val	dag
0	0	0.998950541	1.598759459	1000	1000	3.496909874	0.799287036	0	0.399599885	0.54927211	1.12271E-07	1.498014844	0.798970095	0.39943061	54.89317788	1000	45.23281596	1000	0.599309886	1.997724331	1.14871E-07	0.951538161	8.61534E-08	0.449128062	0.399581874	1.357270231	0
1	8.03673E-07	1.008975573	1.593203586	999.9999998	999.9999999	3.485691862	0.749161874	0.011455875	0.398421943	0.548080133	0.00334179	1.494345683	0.797201679	0.39937275	54.86828238	999.9999994	45.31053138	999.9999999	0.59758558	1.995492759	0.005012631	0.947798824	8.61534E-08	0.448385207	0.398765836	1.356187527	0
2	2.41773E-06	1.029109361	1.587624513	999.9999993	999.9999997	3.474427008	0.698827404	0.022746422	0.397239083	0.54688318	0.010053052	1.490661199	0.795425879	0.399256546	54.81828347	999.9999982	45.37707126	999.9999998	0.595854074	1.993251869	0.010046078	0.944043873	8.61534E-08	0.44763925	0.397946391	1.355100303	0
3	4.85299E-06	1.059486746	1.582012798	999.9999987	999.9999993	3.463096243	0.648198428	0.033888627	0.396049302	0.545679223	0.020178848	1.486955158	0.793639689	0.399081221	54.7428463	999.9999963	45.43243311	999.9999997	0.594112437	1.990997867	0.015108976	0.940266951	8.61534E-08	0.446888929	0.397122151	1.354006717	0
4	8.12444E-06	1.100294876	1.576358831	999.9999978	999.9999989	3.451680169	0.597188267	0.044898704	0.394850563	0.544466201	0.033781557	1.483221215	0.79184005	0.398845693	54.64150611	999.9999939	45.47655735	999.9999995	0.592357688	1.988726894	0.020209992	0.936461593	8.61534E-08	0.446132958	0.396291706	1.352904897	0
5	1.22514E-05	1.151774834	1.570652793	999.9999967	999.9999983	3.440158954	0.545708309	0.055792176	0.393640784	0.543242008	0.050941543	1.479452882	0.790023837	0.398548572	54.51366422	999.9999907	45.5093262	999.9999992	0.590586777	1.986435006	0.025357988	0.932621188	8.61534E-08	0.445370025	0.395453612	1.35179293	0
6	1.72577E-05	1.21422374	1.564884595	999.9999953	999.9999976	3.428512233	0.493667553	0.064934462	0.392417827	0.542004478	0.071757845	1.475643498	0.788187839	0.398188143	54.35858276	999.9999869	45.52891265	999.9999989	0.590446049	1.984118152	0.030562063	0.928738948	8.61534E-08	0.444598781	0.394606389	1.35066885	0
7	2.64696E-05	1.278062343	1.558988036	999.9999928	999.9999963	3.416606334	0.440468718	0.073303526	0.391167654	0.54073941	0.093569368	1.471749344	0.786310984	0.397524715	54.20005023	999.99998	45.5417602	999.9999983	0.590186533	1.98174974	0.035243561	0.924770315	8.61534E-08	0.443810374	0.393740312	1.349519755	4.3623E-08
8	4.01812E-05	1.343846085	1.552911811	999.9999891	999.9999944	3.404337666	0.385648933	0.080925238	0.389879389	0.539435796	0.116593678	1.467736535	0.784376942	0.396537107	54.03668727	999.9999696	45.54760584	999.9999974	0.589799931	1.979309163	0.039409864	0.920680759	8.61534E-08	0.442997945	0.392847846	1.348335648	1.33527E-07
9	5.88065E-05	1.412179079	1.546600121	999.999984	999.9999918	3.391593563	0.328704771	0.080925238	0.388541201	0.538081663	0.141079667	1.463568223	0.782367952	0.395195482	53.86699367	999.9999555	45.54743162	999.9999962	0.587841051	1.976774009	0.043054291	0.916432724	8.61534E-08	0.442154033	0.391920795	1.347105654	2.7361E-07
10	8.28979E-05	1.483730621	1.539991143	999.9999774	999.9999884	3.3782492	0.269078486	0.080925238	0.387139984	0.53666375	0.167315233	1.459203579	0.780264337	0.393729868	53.68930734	999.9999373	45.53743676	999.9999947	0.587161295	1.974119447	0.046154858	0.911984604	8.61534E-08	0.441270371	0.390950079	1.345817726	4.69184E-07
11	0.00011317	1.559254489	1.533015255	999.9999692	999.9999841	3.364163999	0.20614193	0.087201731	0.385660975	0.535167119	0.195636683	1.454596623	0.778043935	0.392182887	53.50175641	999.9999144	45.51936067	999.9999928	0.584996277	1.971317511	0.04867232	0.907289537	8.61534E-08	0.440337651	0.389925472	1.344458297	7.27224E-07
12	0.000150534	1.639611932	1.525592906	999.999959	999.9999789	3.349177336	0.139177394	0.092810303	0.384087308	0.533574702	0.22644037	1.449694819	0.775681427	0.390536899	53.30220209	999.9998861	45.49057952	999.9999904	0.582692697	1.96833625	0.050547327	0.902293982	8.61534E-08	0.439345237	0.388835289	1.343011863	1.05669E-06
13	0.000196136	1.725799509	1.517632047	999.9999466	999.9999725	3.333103352	0.067354412	0.092810303	0.382399468	0.531866752	0.260197171	1.444437376	0.773147512	0.38877149	53.0881696	999.9998516	45.44946929	999.9999875	0.580221986	1.965138691	0.051696494	0.896935988	8.61534E-08	0.43828082	0.387666011	1.341460486	1.46895E-06
14	0.000251415	1.818983201	1.50902498	999.9999315	999.9999648	3.315724594	0	0.092810303	0.380574621	0.530020162	0.297470647	1.438753171	0.770407911	0.386862777	52.85676344	999.9998098	45.39157538	999.999984	0.577550721	1.961681576	0.052007107	0.891143068	8.61534E-08	0.437130002	0.386401819	1.33978318	1.97836E-06
15	0.000318176	1.920540657	1.499644456	999.9999133	999.9999554	3.296784128	0	0.092810303	0.378585787	0.528007631	0.338939942	1.432558166	0.767422122	0.384782542	52.60456242	999.9997593	45.23436832	999.9999797	0.574639407	1.957913794	0.051330057	0.88482958	8.61534E-08	0.435875767	0.385024023	1.337955145	2.60294E-06
16	0.000398676	2.032113987	1.4893388	999.9998914	999.9999441	3.275975702	0	0.092810303	0.376400809	0.52579662	0.385428829	1.425752193	0.764141866	0.382497149	52.32748865	999.9996984	45.04839978	999.9999746	0.571440971	1.953774424	0.049470502	0.877893438	8.61534E-08	0.434497837	0.383510344	1.335946826	3.36535E-06
17	0.000486757	2.154194655	1.478062615	999.9998674	999.9999318	3.253207658	0	0.097630932	0.374010063	0.523377388	0.436295774	1.418305273	0.760552694	0.379996529	52.02432166	999.9996317	44.84283352	999.9999689	0.567941326	1.949245231	0.047435824	0.87030409	0.000254421	0.43299014	0.381854117	1.333749374	8.74962E-06
18	0.000583133	2.287772182	1.465724504	999.9998412	999.9999183	3.228295449	0	0.102686427	0.37139417	0.520730327	0.491953078	1.410157043	0.756625515	0.377260416	51.69260413	999.9995588	44.61562767	999.9999628	0.564112103	1.944289505	0.045209532	0.86200002	0.000810994	0.431340458	0.380041915	1.331344978	1.96195E-05
19	0.000688586	2.433929278	1.452224461	999.9998125	999.9999035	3.201037151	0	0.106978193	0.368531927	0.51783398	0.552851867	1.401241461	0.752328497	0.374266632	51.32964735	999.9994791	44.36352948	999.9999561	0.560922347	1.938867077	0.04277358	0.85291392	0.001724476	0.429535418	0.37805905	1.32871415	3.69604E-05
20	0.000803969	2.593850613	1.43745306	999.999781	999.9998873	3.171211822	0	0.111489307	0.365400134	0.514664872	0.619485757	1.391486259	0.747626809	0.37099091	50.93250936	999.9993918	44.08503732	999.9999487	0.557354699	1.932933995	0.040108224	0.842972144	0.003057154	0.427560389	0.375889451	1.325835566	6.18948E-05
21	0.000930218	2.768832425	1.421290573	999.9997467	999.9998697	3.138577714	0	0.117250739	0.361973407	0.511197316	0.692394845	1.380812369	0.742482344	0.367406699	50.4979712	999.9992962	43.77844345	999.9999406	0.552338554	1.92644217	0.037191861	0.832094108	0.004879881	0.425399364	0.373515531	1.322685894	9.56991E-05
22	0.001068357	2.960293025	1.403605996	999.999709	999.9998503	3.102870312	0	0.123240691	0.35822397	0.507403205	0.772170095	1.369133272	0.736853402	0.363484948	50.02251071	999.9991917	43.43970756	999.9999318	0.546850017	1.919338982	0.034000851	0.820191641	0.007273138	0.423034826	0.370918049	1.319239603	0.000139823
23	0.001219505	3.169784289	1.384255986	999.9996679	999.9998291	3.063800191	0	0.129451106	0.354121433	0.503251787	0.859458122	1.356354305	0.730694359	0.359193868	49.50227407	999.9990774	43.06549486	999.9999222	0.5408446	1.911566856	0.03050933	0.807168267	0.010328219	0.420447608	0.368075951	1.31546876	0.00019591
24	0.001384887	3.399004242	1.363083703	999.9996228	999.9998059	3.02105067	0	0.135870384	0.349632542	0.498709411	0.954966436	1.342371888	0.723955293	0.35449868	48.93304452	999.9989523	42.65212753	999.9999116	0.534273628	1.903062795	0.026688997	0.792918427	0.014148552	0.417616742	0.3649662	1.311342801	0.000265822
25	0.001565844	3.649810821	1.339917535	999.9995735	999.9997806	2.974275243	0	0.135870384	0.344720913	0.493739261	1.062952602	1.327072686	0.716581579	0.349361325	48.31020818	999.9988154	42.19992736	999.9999001	0.52708384	1.893757871	0.033655847	0.777326618	0.019722031	0.414519281	0.361563591	1.306828283	0.000342109
26	0.001763843	3.92423693	1.31456971	999.9995196	999.9997528	2.923094773	0	0.135870384	0.339346735	0.48830105	1.184919761	1.310332694	0.708513452	0.343740164	47.62871668	999.9986656	41.70524632	999.9998874	0.519216958	1.883576663	0.05347551	0.760266461	0.027344979	0.411130118	0.357840543	1.301888613	0.000425351
27	0.001980488	4.224506921	1.286834772	999.9994606	999.9997225	2.86709442	0	0.144312449	0.333466448	0.4823507	1.322543507	1.292016224	0.699685514	0.337589633	46.8830462	999.9985017	41.16409367	999.9998736	0.510609218	1.872436646	0.088507009	0.741599677	0.037353978	0.407421784	0.35376688	1.296483753	0.000516183
28	0.002217535	4.553054623	1.256487916	999.9993961	999.9996893	2.805820274	0	0.153561589	0.327032389	0.47583998	1.477691033	1.271974814	0.690026211	0.330859881	46.06715274	999.9983223	40.57210378	999.9998585	0.501190851	1.860247526	0.141439694	0.721174961	0.050130834	0.40336422	0.349309583	1.290569894	0.000615295
29	0.002476906	4.91254307	1.223283167	999.9993254	999.9996529	2.738775678	0	0.163694945	0.319992406	0.468716117	1.652442361	1.250046019	0.679457251	0.323496359	45.1744231	999.9981261	39.92450089	999.9998419	0.490885515	1.846910505	0.215334542	0.698826763	0.066108098	0.398924537	0.344432523	1.284099102	0.000723441
30	0.002760703	5.305886083	1.186951384	999.9992481	999.9996132	2.665417206	0	0.174797029	0.312289439	0.46092137	1.849113868	1.226052095	0.667892966	0.315439383	44.19762128	999.9979114	39.2160606	999.9998238	0.479609682	1.832317479	0.313670295	0.674373939	0.085775248	0.394066751	0.33909617	1.277018928	0.000841444
31	0.003071226	5.724316732	1.147198081	999.9991636	999.9995696	2.585150253	0	0.187102491	0.30386105	0.452392557	2.064306773	1.199798561	0.655239624	0.306623647	43.12882985	999.9976765	38.45450153	999.999804	0.467271956	1.816350166	0.421266748	0.647618288	0.107294539	0.388751487	0.333257269	1.269271983	0.000966973
32	0.003410993	6.169071757	1.103701039	999.999071	999.999522	2.497324216	0	0.200739526	0.294638924	0.443060551	2.299765316	1.171072619	0.641394661	0.296977696	41.95938575	999.9974194	37.63610183	999.9997823	0.453772333	1.798879142	0.538996019	0.618342942	0.130840393	0.382935661	0.326868494	1.260795476	0.0011004
33	0.003782757	6.641398342	1.056107695	999.9989698	999.9994699	2.401227226	0	0.215849798	0.284548311	0.432849709	2.557397998	1.139641431	0.62624586	0.286423344	40.6798101	999.9971382	36.75690976	999.9997586	0.439001392	1.779762797	0.66781236	0.586310612	0.156603662	0.376572133	0.31987806	1.251520699	0.001242098
34	0.004189531	7.142545107	1.004032282	999.998859	999.9994129	2.29608037	0	0.232589845	0.273507421	0.421677268	2.839293054	1.105250235	0.60967043	0.274875043	39.27973132	999.9968304	35.81273339	999.9997326	0.422839409	1.758846184	0.808759888	0.55126166	0.184793167	0.369609325	0.312229308	1.241372477	0.001392442
35	0.004634613	7.673751326	0.947052704	999.9987378	999.9993506	2.181031384	0	0.251132622	0.261426763	0.409452671	3.147735375	1.067620272	0.591534022	0.262239189	37.74780113	999.9964937	34.79913039	999.9997042	0.405155383	1.735959763	0.962981049	0.512911998	0.215637399	0.3619908	0.303860239	1.230268554	0.001551804
36	0.005121611	8.236234085	0.884707115	999.9986051	999.9992823	2.055147743	0	0.271669208	0.248208419	0.396076831	3.48522503	1.026446534	0.57168963	0.248413363	36.07160251	999.9961253	33.71139806	999.9996731	0.385805976	1.710918031	1.131725876	0.470950785	0.249386365	0.353654806	0.29470302	1.218118926	0.001720548
37	0.005632164	8.775119294	0.816832073	999.9984661	999.9992108	1.918099436	0	0.296153705	0.233817734	0.381514682	3.811822126	0.981621082	0.550085232	0.233361319	34.34778221	999.995739	32.63710444	999.9996405	0.364740463	1.683655338	1.295024424	0.425268016	0.282046074	0.344579489	0.284733644	1.204891744	0.001903953
38	0.006164842	9.280111079	0.743183008	999.998321	999.9991362	1.769392645	0	0.325028472	0.218202856	0.365713755	4.121904801	0.9329824	0.526642982	0.217028822	32.58695559	999.995336	31.5906823	999.9996065	0.34188294	1.654073451	1.450065762	0.375699085	0.313054342	0.334732149	0.273916188	1.190539345	0.002102627
39	0.006717868	9.740008081	0.663534596	999.9981704	999.9990587	1.608572412	0	0.358750709	0.201316013	0.348625707	4.409340427	0.88038168	0.50129116	0.199365902	30.80126176	999.9949176	30.58799481	999.9995712	0.317163476	1.622081866	1.593783575	0.322092341	0.341797904	0.324082659	0.262217558	1.175017822	0.002317126
40	0.007289116	10.14276832	0.577684703	999.9980148	999.9989786	1.435230604	0	0.365344319	0.183114349	0.330207172	4.667520065	0.823685432	0.473965427	0.180327736	29.00433149	999.9944854	29.64625412	999.9995348	0.290519338	1.587599394	1.722873394	0.264311738	0.367615868	0.312603992	0.249608065	1.158287781	0.002547939
41	0.007876112	10.47559537	0.485458326	999.9978549	999.9988964	1.249013866	0	0.373229417	0.163560759	0.310420604	4.889404769	0.76277808	0.444610081	0.159875513	27.21122572	999.9940413	28.78390803	999.9994973	0.261896211	1.550555742	1.833815746	0.202239492	0.389804339	0.30027275	0.236062004	1.14031512	0.002795479
42	0.008476041	10.72504612	0.386711466	999.9976916	999.9988123	1.049631447	0	0.38253043	0.142624715	0.289235108	5.067583874	0.697564528	0.413179287	0.137977301	25.43834363	999.9935875	28.02049416	999.999459	0.231249405	1.510893073	1.922905298	0.135778686	0.407622249	0.287069678	0.221558224	1.121071777	0.003060075
43	0.009085763	10.87715958	0.281334864	999.9975255	999.9987269	0.836862739	0	0.38253043	0.12028305	0.266627244	5.194345094	0.627972618	0.379638268	0.11460887	23.70329942	999.9931262	27.36562044	999.9994201	0.209386548	1.468567502	1.986285908	0.064855783	0.420298371	0.272980169	0.206080679	1.100536459	0.00334196
44	0.009701831	10.91760612	0.169257516	999.9973577	999.9986405	0.610564377	0	0.38253043	0.09652071	0.242581779	5.261755985	0.55395546	0.343964424	0.089754475	22.02476823	999.9926601	26.85802044	999.9993808	0.174602528	1.423550509	2.019991354	0	0.42703946	0.257994727	0.18961894	1.07869533	0.003641265
45	0.010320522	10.83185541	0.050449908	999.9971892	999.9985538	0.370676768	0	0.439802644	0.07133144	0.217092381	5.261755985	0.475493561	0.306148361	0.063407569	20.42230185	999.992192	26.42134667	999.9993413	0.153092644	1.375830239	2.019991354	0	0.42703946	0.242109409	0.17216867	1.055542639	0.003958006
46	0.010937869	10.60536131	0	999.9970211	999.9984673	0.117229873	0	0.520475985	0.044718383	0.190162233	5.186257953	0.392596721	0.266194802	0.035571445	18.9161161	999.991725	26.10889132	999.9993019	0.114135659	1.325412653	1.982242338	0	0.419489657	0.225326196	0.153732051	1.031081276	0.004292085
47	0.011549702	10.22376094	0	999.9968544	999.9983816	0	0	0.609566784	0.016694606	0.161804556	5.027257799	0.305305637	0.224123362	0.006259767	17.52685226	999.9912621	25.79618909	999.9992628	0.073113619	1.272322502	1.902742261	0	0.403589642	0.207653329	0.134318132	1.005323251	0.004643277
48	0.012151691	9.67308494	0	999.9966905	999.9982972	0	0	0.609566784	0	0.132043021	4.776950526	0.213693175	0.179969159	0	16.2753159	999.9908067	25.50108205	999.9992244	0.030060768	1.216604103	1.777588624	0	0.378558914	0.18910556	0.11394312	0.978290066	0.005011228
49	0.012729303	9.121693109	0	999.9965332	999.9982163	0	0	0.609566784	0	0.100947137	4.526317875	0.117973296	0.133835316	0	15.04416473	999.9903697	25.17726748	999.9991875	0	1.158387586	1.646823763	0	0.352405942	0.169726207	0.092654601	0.950044856	0.005417907
50	0.013276903	8.572873031	0	999.996384	999.9981396	0	0	0.609566784	0	0.068589431	4.276854204	0.018369256	0.085829434	0	13.84265697	999.9899554	24.87002566	999.9991526	0	1.097808736	1.510752669	0	0.325191723	0.149560471	0.070502227	0.9206535	0.00586422
51	0.01378901	8.029962012	0	999.9962446	999.9980678	0	0	0.648077501	0	0.035055862	4.030076468	0	0.036079042	0	12.67998129	999.9895679	24.53335998	999.9991199	0	1.03502848	1.36973682	0	0.296988553	0.128661923	0.047544846	0.890194076	0.006350725
52	0.014260391	7.496297107	0	999.9961162	999.9980018	0	0	0.680910401	0	0.000445267	3.787501511	0	0	0	11.56510679	999.9892113	24.20664771	999.9990898	0	0.970231857	1.224191846	0	0.267879559	0.107092157	0.023850125	0.858756362	0.006877598
53	0.014686162	6.975163874	0	999.9960002	999.9979421	0	0	0.693631665	0	0	3.550622769	0	0	0	10.50663283	999.9888892	23.82720317	999.9990627	0	0.903626542	1.074584219	0	0.237958033	0.084920307	0	0.826441114	0.007444611
54	0.015061872	6.469745033	0	999.9958979	999.9978895	0	0	0.712463713	0	0	3.320886932	0	0	0	9.512642447	999.988605	23.48451114	999.9990387	0	0.835440945	0.921426995	0	0.207326588	0.062222406	0	0.793359154	0.008051113
55	0.01538359	5.983070262	0	999.9958103	999.9978444	0	0	0.712463713	0	0	3.099671127	0	0	0	8.590562921	999.9883616	23.20767497	999.9990181	0	0.765921927	0.765274662	0	0.176096122	0.039080631	0	0.75963025	0.008696022
56	0.015647979	5.517968358	0	999.9957383	999.9978073	0	0	0.74398733	0	0	2.88826117	0	0	0	7.747037195	999.9881615	23.00024986	999.9990013	0	0.695332142	0.606717194	0	0.144384628	0.015582414	0	0.725381837	0.00937782
57	0.015852361	5.077022922	0	999.9956826	999.9977787	0	0	0.781789817	0	0	2.687831427	0	0	0	6.987809326	999.9880069	22.85712531	999.9989882	0	0.623947085	0.4463734	0	0.112315869	0	0	0.690747577	0.010094556
58	0.015994768	4.662532671	0	999.9956438	999.9977587	0	0	0.826146398	0	0	2.499426767	0	0	0	6.317627038	999.9878992	22.77200649	999.9989791	0	0.552051867	0.284883692	0	0.080017928	0	0	0.6558658	0.010843869
59	0.01607398	4.276477333	0	999.9956223	999.9977476	0	0	0.876781632	0	0	2.323947068	0	0	0	5.740163842	999.9878392	22.76189451	999.9989741	0	0.479937809	0.122902431	0	0.047621676	0	0	0.620877848	0.011622998
60	0.016089546	3.920489941	0	999.995618	999.9977455	0	0	0.876781632	0	0	2.162134617	0	0	0	5.257962739	999.9878275	22.82698055	999.9989731	0	0.407898906	0	0	0.015259185	0	0	0.585926359	0.012428824
61	0.016105128	3.564146383	0	999.9956138	999.9977433	0	0	0.876781632	0	0	2.000160273	0	0	0	4.775279193	999.9878157	22.89213171	999.9989721	0	0.335787928	0	0	0	0	0	0.5509399	0.013235457
62	0.016120726	3.207446304	0	999.9956095	999.9977411	0	0	0.933614094	0	0	1.838023873	0	0	0	4.292112722	999.9878039	22.95734805	999.9989711	0	0.263604803	0	0	0	0	0	0.515918438	0.014042896
63	0.016136339	2.850389346	0	999.9956053	999.9977389	0	0	0.990503417	0	0	1.675725256	0	0	0	3.808462843	999.9877921	23.02262964	999.9989701	0	0.191349459	0	0	0	0	0	0.480861937	0.014851143
64	0.016151968	2.492975153	0	999.995601	999.9977367	0	0	1.047449657	0	0	1.513264259	0	0	0	3.324329072	999.9877802	23.08797655	999.9989691	0	0.119021823	0	0	0	0	0	0.445770361	0.015660199
65	0.016167612	2.135203367	0	999.9955968	999.9977345	0	0	1.104452872	0	0	1.35064072	0	0	0	2.839710925	999.9877684	23.15338883	999.9989681	0	0.046621823	0	0	0	0	0	0.410643677	0.016470064
66	0.016183272	1.77707363	0	999.9955925	999.9977323	0	0	1.104452872	0	0	1.187854476	0	0	0	2.354607918	999.9877566	23.19308594	999.9989671	0	0	0	0	0	0	0	0.375481848	0.01728074
67	0.016198948	1.418585584	0	999.9955882	999.9977301	0	0	1.104452872	0	0	1.024905364	0	0	0	1.869019565	999.9877447	23.18608423	999.9989661	0	0	0	0	0	0	0	0.34028484	0.018092226
68	0.016214639	1.059738871	0	999.995584	999.9977279	0	0	1.104452872	0	0	0.861793222	0	0	0	1.38294538	999.9877328	23.17907552	999.9989651	0	0	0	0	0	0	0	0.305052617	0.018904525
69	0.016230346	0.700533132	0	999.9955797	999.9977257	0	0	1.104452872	0	0	0.698517886	0	0	0	0.896384879	999.987721	23.1720598	999.9989641	0	0	0	0	0	0	0	0.269785145	0.019717636
70	0.016246069	0.340968007	0	999.9955754	999.9977235	0	0	1.104452872	0	0	0.535079192	0	0	0	0.409337574	999.9877091	23.16503706	999.9989631	0	0	0	0	0	0	0	0.234482387	0.02053156
71	0.016261807	0	0	999.9955711	999.9977213	0	0	1.104452872	0	0	0.371476979	0	0	0	0	999.9876971	23.13956228	999.9989621	0	0	0	0	0	0	0	0.199144309	0.021346299
